##### process.Processes() #####
45123
0
1551577088
0
0
0
0
0
0
0
0
0
0
0
0
0
0
0
0
0
0
0
0
0
407404544
1660944401
7497067
6515062
0
0
131072
0
0
0
0
0
0
0
0
0
0
0
0
0
501
0
0
20
15
701
61
80
98
33
61
0
0
0
0
0
0
0
0
0
0
1
0
0
0
0
0
0
0
0
0
0
1535529035
874782
0
0
16388
34824
0
1502355456
0
0
0
0
0
0
0
0
0
0
0
0
0
0
0
0
0
0
0
0
0
275955716
1811939360
7929906
7629131
0
0
0
0
0
0
0
0
0
0
0
0
0
0
0
0
501
0
0
25
15
701
61
0
0
33
204
398
0
0
0
0
0
0
0
0
0
1
0
0
0
0
0
0
0
0
0
0
1534836756
231347
0
0
16388
96751
0
1414189056
0
0
0
0
0
0
0
0
0
0
0
0
0
0
0
0
0
0
0
0
0
407404544
1879048216
7102819
18254
0
0
131072
0
0
0
0
0
0
0
0
0
0
0
0
0
501
20
0
9
15
701
61
80
98
33
204
398
0
0
0
0
0
0
0
0
0
1
0
0
0
0
0
0
0
0
0
0
1534129497
865744
0
0
16516
569
0
1587576832
0
0
0
0
0
0
0
0
0
0
0
0
0
0
0
0
0
0
0
0
0
407420930
1929379857
6580078
0
0
0
131072
0
0
0
0
0
0
0
0
0
0
0
0
0
0
0
0
6
1
0
0
0
0
20
0
0
0
0
0
0
0
0
0
0
0
1
0
0
0
0
0
0
0
0
0
0
1534129463
172952
0
0
16388
56
0
1460858880
0
0
0
0
0
0
##### process.Pids() #####
1
45
46
49
50
54
55
56
62
64
65
71
76
77
78
80
82
83
84
86
88
89
90
95
97
98
99
100
103
104
105
107
108
109
110
144
156
180
182
183
193
196
197
198
200
203
216
242
251
269
274
277
278
280
283
284
294
298
309
311
318
324
330
331
332
344
345
346
348
349
351
353
354
355
358
360
364
365
366
371
376
378
381
383
390
397
399
400
401
569
631
2911
2915
2916
2918
2919
2920
2921
2922
2923
2924
2925
2926
2927
2928
2930
2953
2958
2959
2961
2964
2969
2973
2975
2976
2979
2980
2985
2987
2997
3035
3112
3139
3145
3149
3150
3177
3222
3240
3355
3358
3366
3384
3394
3398
3415
3416
3422
4006
4145
4498
5281
5843
6111
6134
6307
6415
6421
6426
6505
7755
7756
7828
7829
9433
9453
9690
9691
9910
10330
10332
10333
10347
11490
14663
15580
16047
16051
23070
23459
23493
25538
28318
31257
34808
34810
34811
34812
34814
34815
34816
34817
34818
34819
34821
34822
34823
34824
34825
34826
34827
34828
34846
34876
34882
34908
34909
34910
34911
34971
35339
35340
36939
36940
36943
36947
36949
36950
36951
36952
37625
38005
38006
38079
38197
38198
38200
38202
38203
38299
38300
38477
41548
41552
41553
41556
41557
41653
42447
42449
42453
42459
42473
42496
42498
42501
42502
42517
42528
43093
43100
43119
43123
43132
43133
43282
43283
43284
43285
43823
43824
43825
44306
44387
44837
44952
44955
48017
48061
48064
48065
48066
48069
48071
48073
48075
48078
48087
48089
48090
59447
61326
61343
67820
79814
92592
92598
95090
95092
95397
95398
95420
96182
96705
96722
96751
96752
96753
96754
96762
97105
97127
97130
98091
98386
98409
98530
98601
99207
99445
636
641
652
31022
31023
31024
31519
31520
58583
58584
58585
31521
31533
31534
31535
31863
31864
31865
43842
43843
43844
45103
45123
45124
44519
44520
44521
44950
37004
37005
37006
42446
94681
94682
94683
96323
96324
96325
